 区站号 站名              经度    纬度     台站高度
50353 呼玛                  126.65   51.72  830.00
50425 额尔古纳右旗          120.18   50.25   69.00
50468 黑河                  127.45   50.25   55.00
50514 满州里                117.43   49.57  430.00
50525 鄂温克旗              119.75   49.15 1318.00
50557 嫩江                  125.23   49.17 1014.00
50564 孙吴                  127.35   49.43  318.00
50639 扎兰屯                122.73   48.00  688.00
50645 莫力达瓦旗            124.48   48.47 1197.00
50655 德都                  126.50   48.55 1342.00
50658 克山                  125.88   48.05 1040.00
50673 嘉阴                  130.40   48.88  283.00
50739 龙江                  123.18   47.33  212.00
50742 富裕                  124.48   47.80  917.00
50755 拜泉                  126.10   47.60  296.00
50756 海伦                  126.97   47.43 1101.00
50779 抚远                  134.28   48.36  898.00
50788 富锦                  131.98   47.23   80.00
50844 泰来                  123.42   46.40  151.00
50851 青冈                  126.10   46.68  344.00
50854 安达                  125.32   46.38  597.00
50861 庆安                  127.48   46.88  805.00
50867 巴彦                  127.35   46.08  935.00
50871 汤原                  129.88   46.73  341.00
50873 佳木斯                130.28   46.81  805.00
50877 依兰                  129.58   46.30  164.00
50879 桦南                  130.52   46.20 1143.00
50880 集贤                  131.13   46.71 1201.00
50888 宝清                  132.18   46.32  861.00
50892 饶河                  134.00   46.80 1256.00
50928 巴雅尔吐胡硕          120.33   45.07  560.00
50934 突泉                  121.55   45.40  331.00
50936 白城                  122.83   45.63  913.00
50945 大安                  124.27   45.50  173.00
50946 松原                  124.83   45.18  879.00
50949 前郭尔罗斯            124.87   45.08  687.00
50953 哈尔滨                126.77   45.75  388.00
50954 肇源                  125.08   45.50 1482.00
50955 双城                  126.30   45.38  807.00
50958 阿城                  126.95   45.52 1250.00
50963 通河                  128.73   45.97  607.00
50964 方正                  128.80   45.83  515.00
50968 尚志                  127.97   45.22 1110.00
50973 勃利                  130.55   45.75  736.00
50979 林口                  130.23   45.27 1008.00
50983 虎林                  132.97   45.77 1203.00
51053 哈巴河                 86.40   48.05  134.00
51068 福海                   87.47   47.12 1226.00
51076 阿勒泰                 88.08   47.73  328.00
51133 塔城                   83.00   46.73 1188.00
51238 博乐                   82.06   44.90 1012.00
51334 精河                   82.90   44.62  831.00
51346 乌苏                   84.66   44.43 1106.00
51352 炮台                   85.25   44.85 1429.00
51353 莫索湾                 86.10   45.02 1287.00
51357 沙湾                   85.62   44.33  329.00
51358 沙湾（乌兰乌苏）       85.81   44.28  340.00
51359 玛纳斯                 86.20   44.32  129.00
51367 呼图壁                 86.82   44.13  176.00
51368 昌吉                   87.43   44.01  432.00
51378 吉木萨尔               89.17   44.02  278.00
51379 奇台                   89.57   44.02 1394.00
51431 伊宁                   81.33   43.95  193.00
51436 新源                   83.30   43.45  572.00
51437 昭苏                   81.13   43.15  926.00
51463 乌鲁木齐               87.62   43.78  734.00
51469 乌鲁木齐牧试           87.12   43.28  836.00
51542 巴音                   84.15   43.03  518.00
51567 焉耆                   86.56   42.08  151.00
51568 和硕                   86.80   42.25 1154.00
51571 托克逊                 88.63   42.80  721.00
51572 吐鲁番东坎             89.25   42.83  911.00
51573 吐鲁番                 89.20   42.93  152.00
51628 阿克苏                 80.23   41.16 1330.00
51629 温宿                   80.23   41.27  564.00
51633 拜城                   81.90   41.78  226.00
51639 沙雅                   82.78   41.23 1026.00
51642 轮台                   84.25   41.78  794.00
51644 库车                   82.95   41.72  325.00
51655 尉犁                   86.27   41.35  535.00
51656 库尔勒                 86.13   41.75  149.00
51704 阿图什                 76.17   39.72  770.00
51705 乌恰                   75.25   39.72  450.00
51708 可克陶                 75.95   39.15 1264.00
51709 喀什                   75.98   39.47  441.00
51711 阿合奇                 78.45   40.93  396.00
51716 巴楚                   78.57   39.80 1097.00
51717 岳普湖                 76.78   39.25 1491.00
51722 阿瓦提                 80.40   40.65 1284.00
51730 阿尔                   81.05   40.50   52.00
51777 若羌                   88.17   39.03 1173.00
51810 麦盖提                 77.63   38.92  767.00
51811 莎车                   77.27   38.43 1404.00
51828 和田                   79.93   37.13 1371.00
51855 且末                   85.55   38.15  362.00
51886 茫崖                   90.22   38.35   83.00
51931 于田                   81.66   36.86  283.00
52101 巴里坤                 93.00   43.60 1232.00
52203 哈密                   93.52   42.82  752.00
52418 敦煌                   94.68   40.15  964.00
52533 酒泉                   98.48   39.77  558.00
52546 高台                   99.83   39.37  375.00
52652 张掖                  100.43   38.93  633.00
52656 民乐                  100.82   38.45  480.00
52674 永昌                  101.96   38.23  235.00
52679 武威                  102.66   37.91  305.00
52681 民勤                  103.08   38.63  963.00
52737 德令哈                 97.37   37.37 1188.00
52749 铁卜加                 99.58   37.08 1254.00
52765 门源                  101.61   37.38 1021.00
52784 古浪                  102.90   37.48  504.00
52797 景泰                  104.05   37.18 1016.00
52818 格尔木                 94.90   36.42  220.00
52825 诺木洪                 96.41   36.43 1252.00
52836 都兰                   98.10   36.30  325.00
52853 海宴                  100.98   36.92 1340.00
52855 湟源                  101.08   36.75  971.00
52856 共和                  100.62   36.27  949.00
52863 互助                  101.95   36.82  535.00
52868 贵德                  101.43   36.03  667.00
52876 民和                  102.85   36.32 1083.00
52885 永登                  103.25   36.75  113.00
52895 靖远                  104.68   36.56 1138.00
52896 白银                  104.18   36.55  497.00
52943 兴海                   99.98   35.58   93.00
52957 同德                  100.65   35.27 1101.00
52980 永靖                  103.30   35.97  130.00
52983 榆中                  104.15   35.87  848.00
52984 临夏                  103.18   35.58  746.00
52985 和政                  103.35   35.43  484.00
52986 临洮                  103.86   35.36  390.00
52993 会宁                  105.08   35.68 1286.00
52995 定西                  104.60   35.53  161.00
53289 镶黄旗                113.85   42.25 1431.00
53352 达尔                  110.43   41.70  628.00
53357 固阳                  110.05   41.03  317.00
53368 武川                  111.45   41.10  153.00
53378 察哈尔右翼中旗        112.61   41.30  509.00
53384 察右后旗              113.18   41.45  492.00
53392 康保                  114.60   41.85 1169.00
53397 尚义                  113.95   41.06 1417.00
53399 张北                  114.70   41.15  469.00
53420 杭锦                  107.13   40.90 1392.00
53433 乌拉特前旗            108.65   40.73  151.00
53446 包头                  109.85   40.67  297.00
53455 土默特右旗            110.53   40.55 1201.00
53464 土默特左旗            111.15   40.68  190.00
53478 右玉                  112.45   40.00  923.00
53480 集宁                  113.07   41.03  152.00
53483 兴和                  113.86   40.88 1092.00
53486 阳高                  113.77   40.37  197.00
53487 大同                  113.33   40.10  237.00
53491 怀安                  114.40   40.68 1130.00
53492 阳原                  114.16   40.11  516.00
53498 宣化                  115.03   40.56  739.00
53505 锡林高勒              105.38   39.08  653.00
53513 临河                  107.40   40.77 1359.00
53547 乌审召                109.03   39.10  728.00
53553 准格尔旗              110.86   39.66 1460.00
53564 河曲                  111.15   39.38  961.00
53578 朔州                  112.43   39.30  111.00
53585 凡峙                  113.53   39.26  769.00
53593 蔚县                  114.57   39.83  624.00
53594 灵邱                  114.18   39.45 1371.00
53596 完县                  115.15   38.83   51.00
53611 平罗                  106.55   38.91  354.00
53614 银川                  106.22   38.48 1014.00
53615 陶乐                  106.68   38.81  347.00
53618 永宁                  106.23   38.25 1308.00
53619 灵武                  106.30   38.12   53.00
53646 榆林                  109.70   38.23  804.00
53663 五寨                  111.81   38.93  537.00
53665 岚县                  111.65   38.28  364.00
53674 忻州                  112.70   38.41 1157.00
53677 北郊                  112.48   37.93  146.00
53680 灵寿                  114.38   38.30 1396.00
53681 五台                  113.36   38.83  652.00
53682 曲阳                  114.68   38.63  494.00
53688 行唐                  114.55   38.45  387.00
53689 晋具                  115.07   38.02 1233.00
53690 阜平                  114.18   38.85  889.00
53691 正定                  114.57   38.15 1161.00
53692 唐县                  114.98   38.73  440.00
53693 井陉                  114.13   38.03  441.00
53694 平山                  114.20   38.25 1031.00
53695 新乐                  114.68   38.35  959.00
53696 定州                  113.00   38.51 1473.00
53697 藁城                  114.81   38.01  108.00
53699 无极                  114.96   38.20   96.00
53704 中卫                  105.18   37.53  203.00
53705 中宁                  105.67   37.48 1455.00
53707 兴仁堡                105.25   36.93  332.00
53723 盐池                  107.40   37.78 1187.00
53725 定边                  107.58   37.58 1273.00
53754 绥德                  110.21   37.50  845.00
53759 石楼                  110.81   37.00  841.00
53764 离石                  111.10   37.50 1255.00
53769 汾阳                  111.76   37.25  433.00
53772 太原                  112.55   37.78  850.00
53773 临漳                  114.61   36.33  705.00
53775 太谷                  112.58   37.41 1216.00
53777 交城                  112.15   37.53  648.00
53780 寿阳                  113.17   37.90 1199.00
53781 沙河                  114.46   36.86 1111.00
53783 昔阳                  113.70   37.60 1414.00
53784 赵县                  114.73   37.76  410.00
53789 栾城                  114.63   37.88 1397.00
53790 高邑                  114.62   37.60 1376.00
53791 元氏                  114.53   37.75  725.00
53792 内邱                  114.38   37.45  264.00
53795 赞皇                  114.36   37.65  790.00
53797 内丘                  114.50   37.28 1086.00
53799 巨鹿                  115.03   37.21 1299.00
53806 海原                  105.65   36.57  238.00
53810 同心                  105.91   36.98  845.00
53817 固原                  106.26   36.00 1119.00
53821 环县                  107.30   36.58   52.00
53845 延安                  109.50   36.60  387.00
53853 隰县                  110.95   36.70 1328.00
53857 宜川                  110.18   36.07  544.00
53859 吉县                  110.18   36.10 1138.00
53863 介休                  111.93   37.05 1251.00
53868 临汾                  111.50   36.06  329.00
53872 沁县                  112.68   36.76 1392.00
53877 安泽                  112.25   36.16 1168.00
53881 韦州                  106.48   37.28 1049.00
53882 长治                  113.06   36.05 1146.00
53883 任县                  114.70   37.13  556.00
53886 涉县                  113.66   36.56 1041.00
53890 武安                  114.20   36.71  845.00
53893 曲周                  114.95   36.76  589.00
53894 峰峰                  114.21   36.41 1376.00
53895 永年                  114.50   36.76 1313.00
53896 魏县                  114.95   36.35  220.00
53897 磁县                  114.38   36.38 1332.00
53898 安阳                  114.37   36.12  955.00
53899 广平                  114.96   36.48  904.00
53903 西吉                  105.71   35.96  965.00
53906 静宁                  105.72   35.52 1082.00
53908 通渭                  105.40   35.11  146.00
53914 隆德                  106.12   35.62  922.00
53915 平凉                  106.67   35.55 1057.00
53916 泾源                  106.32   35.50  936.00
53923 西峰镇                107.63   35.73 1132.00
53924 灵台                  107.40   35.15 1247.00
53925 镇原                  107.18   35.68 1021.00
53926 泾川                  107.71   35.40 1218.00
53930 华池                  107.98   36.45  694.00
53937 宁县                  108.00   35.42  426.00
53938 旬邑                  108.33   35.11 1126.00
53941 白水                  109.58   35.18  357.00
53942 洛川                  109.50   35.81  294.00
53947 铜川                  109.07   35.08  202.00
53948 蒲城                  109.58   34.95  547.00
53955 韩城                  110.45   35.46 1404.00
53956 万荣                  110.83   35.40  512.00
53958 临猗                  110.72   35.15  327.00
53959 运城                  111.02   35.03  516.00
53976 晋城                  112.83   35.51  870.00
53980 肥乡                  114.80   36.55  727.00
53986 新乡                  113.88   35.31 1062.00
53991 汤阴                  114.35   35.93 1020.00
53996 成安                  114.70   36.45  376.00
54026 扎鲁特                120.90   44.57  209.00
54027 巴林                  119.40   43.83 1281.00
54049 长岭                  123.97   44.25  677.00
54064 农安                  125.16   44.41  812.00
54069 九台                  125.80   44.17 1445.00
54072 榆树                  126.51   44.81  983.00
54076 舒兰                  126.93   44.42 1490.00
54080 五常                  127.15   44.90 1141.00
54093 穆棱                  130.55   44.93 1151.00
54094 牡丹江                129.60   44.57  876.00
54098 宁安                  129.46   44.33 1017.00
54099 东宁                  131.18   44.10 1363.00
54102 锡林浩特              116.12   43.95  132.00
54134 开鲁县                121.28   43.60  417.00
54135 通辽                  122.27   43.60 1316.00
54154 梨树                  124.30   43.35 1415.00
54156 公主岭                124.80   43.52  251.00
54165 双阳                  125.65   43.50 1056.00
54171 永吉                  126.57   43.70 1160.00
54172 九站                  126.47   43.95   90.00
54186 敦化                  128.20   43.37 1456.00
54213 翁牛特旗              119.03   42.95 1227.00
54218 赤峰                  118.97   42.27 1268.00
54223 奈曼旗                120.65   42.85 1201.00
54236 彰武                  122.53   42.42  441.00
54237 阜新                  121.65   42.03 1051.00
54243 昌图                  124.12   42.78  483.00
54254 开原                  124.05   42.53  895.00
54260 辽源                  125.08   42.92  714.00
54266 梅河口（海龙）        125.63   42.53  531.00
54273 桦甸                  126.75   42.98  716.00
54286 和龙                  129.00   42.53  760.00
54291 珲春                  130.28   42.90  596.00
54292 延吉                  129.47   42.88  263.00
54304 崇礼                  115.28   40.96  589.00
54305 太仆寺旗              115.28   41.90  625.00
54308 丰宁                  116.63   41.22 1491.00
54311 围场                  117.75   41.93 1310.00
54318 隆化                  117.73   41.31  786.00
54319 平泉                  118.66   41.00  546.00
54324 朝阳                  120.45   41.55 1200.00
54326 叶柏寿                119.70   41.38  380.00
54332 辽中                  122.72   41.52  804.00
54333 新民                  122.80   41.98 1470.00
54335 黑山                  122.01   41.68  607.00
54337 锦州                  121.12   41.13 1154.00
54348 灯塔                  123.32   41.42  415.00
54349 本溪县                124.28   41.30 1092.00
54353 新宾                  125.05   41.73  733.00
54362 通化县                125.75   41.66 1050.00
54377 集安                  126.15   41.10  922.00
54401 张家口                114.88   40.78  334.00
54404 赤城                  115.83   40.90  531.00
54405 怀来                  115.50   40.40 1297.00
54408 涿鹿                  115.21   40.38  901.00
54416 密云                  116.87   40.38  213.00
54420 滦平                  117.33   40.93  248.00
54423 承德                  117.93   40.97  808.00
54425 兴隆                  117.48   40.41  988.00
54429 遵化                  117.95   40.20  648.00
54430 承德县                118.15   40.76  635.00
54431 通县                  116.63   39.92 1166.00
54432 宽城                  118.48   40.60  440.00
54434 迁西                  118.30   40.15  573.00
54437 滦南                  118.66   39.50  809.00
54439 迁安                  118.71   40.00  706.00
54452 建昌                  119.82   40.80  401.00
54454 绥中                  120.35   40.35 1015.00
54455 兴城                  120.70   40.58  911.00
54470 大洼                  122.07   40.98  878.00
54471 营口                  122.27   40.67 1459.00
54472 海城                  122.72   40.88 1079.00
54474 盖县                  122.35   40.42  545.00
54486 岫岩                  123.28   40.28 1139.00
54493 宽甸                  124.78   40.72  779.00
54497 丹东                  124.33   40.05 1220.00
54502 涿州                  115.96   39.48 1061.00
54503 容城                  115.85   39.05 1440.00
54506 新城                  115.85   39.33  942.00
54507 易县                  115.50   39.35   85.00
54510 大厂                  116.98   39.88  428.00
54512 固安                  116.28   39.43  391.00
54515 安次                  116.70   39.50 1201.00
54518 霸州（县）            116.38   39.12 1165.00
54519 永清                  116.48   39.31  172.00
54520 三河                  117.08   39.96 1304.00
54521 香河                  116.98   39.76 1441.00
54522 玉田                  117.73   39.88 1059.00
54525 宝坻                  117.28   39.70  720.00
54531 滦县                  118.75   39.73 1148.00
54532 丰润                  118.10   39.80  107.00
54533 丰南                  118.12   39.55  112.00
54534 唐山                  118.15   39.67 1307.00
54535 唐海                  118.45   39.28   77.00
54539 乐亭                  118.90   39.42  720.00
54540 昌黎                  119.16   39.71  453.00
54563 瓦房店                121.75   39.73  979.00
54584 庄河                  122.95   39.72  159.00
54590 东沟                  124.15   39.88 1377.00
54601 徐水                  115.65   39.01  119.00
54603 高阳                  115.78   38.68 1320.00
54604 安国                  115.33   38.41  679.00
54605 安新                  115.93   38.91  442.00
54606 饶阳                  115.73   38.23  395.00
54607 望都                  115.12   38.72  538.00
54608 深州（县）            115.55   38.00 1156.00
54609 安平                  115.52   38.23  654.00
54610 任丘                  116.08   38.71 1292.00
54611 满城                  115.31   38.95  424.00
54612 文安                  116.45   38.86 1229.00
54613 大城                  116.61   38.70  419.00
54614 河间                  116.08   38.45 1248.00
54615 青县                  116.83   38.58 1182.00
54616 沧州                  116.83   38.33  620.00
54617 献县                  116.11   38.18 1487.00
54618 泊头                  116.55   38.08  326.00
54619 静海                  116.91   38.91 1009.00
54620 蠡县                  115.56   38.48  400.00
54621 深泽                  115.18   38.18  738.00
54624 黄骅                  117.35   38.37  208.00
54626 肃宁                  115.81   38.41  143.00
54627 盐山                  117.23   38.03  555.00
54628 海兴                  117.48   38.15  671.00
54632 平乡                  115.03   37.06  568.00
54636 雄县                  116.10   38.98 1396.00
54640 鸡泽                  114.86   36.91 1031.00
54644 孟村                  117.08   38.05   71.00
54700 武强                  115.98   38.03 1039.00
54701 辛集                  115.21   37.91  238.00
54702 衡水                  115.70   37.73  482.00
54703 武邑                  115.88   37.80  238.00
54704 冀县                  115.56   37.55  359.00
54705 南宫                  115.38   37.37  694.00
54706 清河                  115.65   37.06  985.00
54707 故城                  115.98   37.35 1279.00
54708 枣强                  115.72   37.52  207.00
54710 阜城                  116.16   37.86  211.00
54711 景县                  116.30   37.68 1301.00
54713 东光                  116.53   37.88 1467.00
54714 德州                  116.32   37.43  214.00
54717 吴桥                  116.40   37.63  168.00
54719 南皮                  116.68   38.03 1071.00
54725 惠民县                117.53   37.50  200.00
54734 滨县                  118.02   37.37  414.00
54749 莱州                  119.93   37.18 1020.00
54764 福山                  121.25   37.50 1404.00
54777 文登                  122.03   37.18  617.00
54801 临西                  115.66   36.85 1112.00
54804 大名                  115.15   36.30 1255.00
54806 聊城                  115.96   36.48  676.00
54809 馆陶                  115.28   36.55  846.00
54819 肥城                  116.76   36.23 1491.00
54820 丘县                  115.16   36.81  685.00
54821 济阳                  117.11   36.98 1196.00
54823 济南                  116.98   36.68  520.00
54827 泰安                  117.15   36.16  191.00
54830 淄博                  118.00   36.83  608.00
54843 寒亭                  119.18   36.75 1456.00
54846 高密                  119.75   36.41  578.00
54849 胶州                  120.00   36.30   73.00
54852 莱阳                  120.70   36.93  626.00
54857 青岛                  120.33   36.90   65.00
54900 濮阳                  115.01   35.70 1267.00
54906 荷泽                  115.43   35.25  234.00
54915 济宁                  116.58   35.45  712.00
54936 莒县                  118.83   35.58  793.00
54938 临沂                  118.35   35.05 1087.00
55578 日喀则                 88.88   29.25  665.00
55591 拉萨                   91.13   29.67  760.00
55598 泽当                   91.76   29.25 1043.00
56021 曲麻菜                 95.78   34.13 1349.00
56029 玉树                   97.02   33.02 1244.00
56038 石渠                   98.10   32.98 1307.00
56045 甘德                   99.90   33.97  967.00
56065 河南                  101.60   34.73 1285.00
56074 玛曲                  102.08   34.00  320.00
56079 若尔盖                102.97   33.58  126.00
56080 合作                  102.90   35.00 1177.00
56081 临潭                  103.35   34.70  897.00
56092 陇西                  104.65   35.00 1353.00
56093 岷县                  104.01   34.43 1002.00
56094 舟曲                  104.37   33.78  380.00
56095 宕昌                  104.38   34.03  851.00
56096 武都                  104.92   33.57 1015.00
56180 茂汶                  103.85   31.68 1056.00
56187 温江                  103.83   30.70 1127.00
56188 灌县                  103.66   30.98 1323.00
56192 文县                  104.75   32.93 1486.00
56193 平武                  104.52   32.42  649.00
56196 绵阳                  104.68   31.47  732.00
56198 德阳                  104.38   31.15 1276.00
56280 名山                  103.13   30.10  472.00
56284 邛崃                  103.48   30.42  380.00
56288 双流                  103.92   30.58  693.00
56291 广汉                  104.28   30.97 1279.00
56295 简阳                  104.55   30.40 1067.00
56297 仁寿                  104.15   30.02  334.00
56312 林芝                   94.47   29.57  903.00
56357 稻城                  100.30   29.05  690.00
56376 汉源                  102.68   29.35   63.00
56380 洪雅                  103.37   29.92  787.00
56386 乐山                  103.75   29.56  671.00
56389 犍为                  103.95   29.20 1338.00
56391 眉山                  103.82   30.05  988.00
56434 察隅                   97.47   28.65 1089.00
56474 冕宁                  102.17   28.55 1263.00
56479 昭觉                  102.85   28.00  953.00
56492 宜宾                  104.60   28.80  372.00
56493 南溪                  104.97   28.85 1209.00
56571 西昌                  102.27   27.90  809.00
56578 宁南                  102.75   27.07  759.00
56586 昭通                  103.75   27.33  524.00
56598 赫章                  104.73   27.11 1308.00
56643 六库                   98.85   26.87  176.00
56651 丽江                  100.47   26.83 1313.00
56670 米易                  102.10   26.85  926.00
56688 东川                  103.17   26.10 1084.00
56693 水城                  104.87   26.58  531.00
56697 宣威                  104.08   26.22  816.00
56748 保山                   99.18   25.12  385.00
56751 大理                  100.18   25.70 1365.00
56763 元谋                  101.87   25.73  855.00
56768 楚雄                  101.53   25.02  912.00
56778 昆明                  102.68   25.02 1291.00
56786 沾益                  103.83   25.58  607.00
56788 陆良                  103.66   25.03  544.00
56792 普安                  104.96   25.80 1427.00
56844 潞西                   98.58   24.41  379.00
56856 景东                  100.87   24.47  643.00
56875 玉溪                  102.55   24.35 1223.00
56946 耿马                   99.40   23.55  655.00
56951 临沧                  100.22   23.95 1463.00
56959 景洪                  100.78   22.00  450.00
56964 思茅                  101.40   22.67  968.00
56966 元江                  101.98   23.60  520.00
56977 江城                  101.82   22.62  759.00
56985 蒙自                  103.38   23.38  730.00
56989 河口                  103.95   22.50  148.00
56994 文山                  104.25   23.38  842.00
57002 秦安                  105.67   34.87  608.00
57004 武山                  104.88   34.73  974.00
57006 天水                  105.75   34.58  871.00
57007 礼县                  105.18   34.18  867.00
57012 张家川                106.20   34.98  450.00
57016 宝鸡                  107.13   34.35  987.00
57025 凤翔                  107.38   34.51  208.00
57030 永寿                  108.15   34.70  297.00
57033 泾阳                  108.82   34.55 1036.00
57034 武功                  108.22   34.25 1496.00
57039 长安县                108.92   34.15 1076.00
57043 大荔                  109.91   34.88  865.00
57044 临潼                  109.23   34.40  304.00
57045 渭南                  109.46   34.50  649.00
57048 咸阳                  108.71   34.40  995.00
57053 芮城                  110.71   34.70  204.00
57067 卢氏                  111.03   34.05 1386.00
57071 孟津                  112.43   34.83  237.00
57075 汝州                  112.83   34.18 1008.00
57083 郑州                  113.65   34.72  957.00
57089 许昌                  113.85   34.01 1072.00
57096 杞县                  114.78   34.53 1379.00
57102 成县                  105.71   33.75  863.00
57105 康县                  105.60   33.33  518.00
57111 两当                  106.30   33.92  367.00
57113 凤县                  106.60   33.97 1457.00
57127 汉中                  107.03   33.07  217.00
57128 城固                  107.33   33.16  269.00
57143 商州                  109.96   33.86  575.00
57154 商南                  110.90   33.53   85.00
57169 内乡                  111.86   33.05  361.00
57178 南阳                  112.58   33.03  958.00
57193 西华                  114.52   33.78 1155.00
57206 广元                  105.85   32.43 1182.00
57233 汉阴                  108.50   32.90 1404.00
57245 安康                  109.03   32.72 1105.00
57249 竹溪                  109.68   32.32 1112.00
57251 郧西                  110.42   35.10  647.00
57259 房县                  110.77   32.03  484.00
57268 谷城                  111.63   32.27  212.00
57277 襄阳驿                112.23   32.40   62.00
57290 驻马店                114.02   33.00 1361.00
57297 信阳                  114.05   32.13  405.00
57303 苍溪                  105.92   31.73  428.00
57307 三台                  105.08   31.10 1284.00
57313 巴中                  106.76   31.85 1253.00
57314 南部                  106.05   31.33  601.00
57318 营山                  106.55   31.07 1403.00
57326 宣汉                  107.72   31.37  406.00
57328 达县                  107.50   31.20  568.00
57370 宜城                  112.23   31.72  315.00
57378 钟祥                  112.57   31.17  320.00
57381 随州                  113.38   31.72  637.00
57395 大悟                  114.12   31.57  573.00
57399 麻城                  114.97   31.18  417.00
57405 遂宁                  105.55   30.50  896.00
57407 乐至                  105.03   30.28 1328.00
57408 安岳                  105.33   30.11 1152.00
57411 南充                  106.08   30.80  269.00
57415 广安                  106.63   30.47   53.00
57420 大竹                  107.25   30.80 1291.00
57432 万州                  108.40   30.76  379.00
57439 利川                  108.93   30.28  655.00
57445 建始                  109.63   30.60 1490.00
57461 宜昌                  111.30   30.70 1201.00
57476 江陵                  112.18   30.33 1082.00
57481 应城                  113.57   30.95   62.00
57482 孝感                  113.85   30.93  994.00
57483 天门                  113.17   30.67 1123.00
57493 武昌                  114.33   30.40  695.00
57494 武汉                  114.13   30.62  256.00
57503 内江县                105.12   29.62  920.00
57504 内江                  105.05   29.58 1205.00
57507 隆昌                  105.30   29.33  476.00
57508 泸县                  105.45   28.98  296.00
57512 合川                  106.28   29.97  668.00
57516 沙平坝                106.48   29.52  411.00
57517 江津                  106.25   29.31 1100.00
57523 丰都                  107.70   29.88  835.00
57545 来凤                  109.42   29.52 1380.00
57554 桑植                  110.17   29.40 1244.00
57565 澧县                  111.88   29.61 1472.00
57574 南县                  112.40   29.36  274.00
57581 洪湖                  113.45   29.82 1449.00
57582 赤壁                  113.88   29.72 1120.00
57584 岳阳                  113.08   29.38  775.00
57590 咸宁                  114.33   29.83  417.00
57598 修水                  114.58   29.03 1498.00
57609 赤水                  105.70   28.58 1093.00
57625 正安                  107.45   28.55  430.00
57633 酉阳                  108.77   28.83  236.00
57646 古丈                  109.76   28.56 1244.00
57662 常德                  111.68   29.05 1496.00
57674 赫山（益阳）          112.10   28.56 1117.00
57679 长沙                  113.08   28.20  835.00
57682 平江                  113.58   28.70  843.00
57696 宜丰                  114.78   28.41 1133.00
57717 遵义县                106.81   27.53  384.00
57729 余庆                  107.88   27.23  660.00
57731 思南                  108.25   27.95  520.00
57735 岑巩                  108.72   27.23  368.00
57736 江口                  108.85   27.70 1080.00
57737 施秉                  108.12   27.03 1443.00
57741 铜仁                  109.18   27.72 1372.00
57745 芷江                  109.68   27.45 1120.00
57746 怀化                  109.96   27.55  338.00
57763 娄底                  112.00   27.73  941.00
57766 邵阳                  111.47   27.23  906.00
57769 邵东                  111.73   27.23  393.00
57772 湘乡                  112.50   27.75  782.00
57781 醴陵                  113.50   27.65 1204.00
57789 莲花                  113.93   27.13 1452.00
57793 宜春                  114.38   27.80  738.00
57799 吉安                  114.92   27.05  721.00
57806 安顺                  105.92   26.25  528.00
57808 普定                  105.75   26.31 1126.00
57816 贵阳                  106.72   26.58  779.00
57829 丹寨                  107.80   26.20 1302.00
57839 黎平                  109.15   26.23 1171.00
57841 靖州                  109.48   26.66  820.00
57853 武冈                  110.63   26.73  301.00
57865 冷水滩（零陵）        111.56   26.41  580.00
57872 衡阳                  112.60   26.90  892.00
57882 茶陵                  113.55   26.78  448.00
57883 宁冈                  113.97   26.72  291.00
57889 桂东                  113.93   26.00  960.00
57899 泰和                  114.91   26.80  179.00
57912 惠水                  106.66   26.16 1157.00
57916 罗甸                  106.77   25.43  791.00
57926 荔波                  107.88   25.41 1138.00
57947 融安                  109.40   25.21  596.00
57955 兴安                  110.65   25.63  560.00
57957 桂林                  110.30   25.33  620.00
57978 临武                  112.55   25.28  383.00
57981 资兴                  113.40   25.97  463.00
57992 南康                  114.70   25.68 1254.00
57993 赣州                  114.95   25.85  437.00
58002 曹县                  115.55   34.81 1065.00
58005 商丘                  115.66   34.45  849.00
58012 丰县                  116.56   34.68 1469.00
58015 砀山                  116.33   34.42  166.00
58028 徐州                  117.36   34.31  386.00
58038 沭阳                  118.75   34.10  130.00
58040 赣榆                  119.13   34.83  599.00
58044 连云港                119.17   34.58  129.00
58049 滨海                  119.81   34.03 1005.00
58102 亳县（亳州）          115.77   33.87  829.00
58118 蒙城                  116.53   33.28  731.00
58122 宿县                  116.98   33.63  255.00
58130 睢宁                  118.06   33.88  714.00
58138 盱眙                  118.51   33.00 1411.00
58141 淮阴                  119.03   33.67  943.00
58144 淮阴                  119.03   33.60  721.00
58146 建湖                  119.82   33.48  344.00
58154 盐城                  120.15   33.38  503.00
58158 大丰                  120.48   33.20  227.00
58203 阜阳                  115.73   32.87 1207.00
58208 固始                  115.67   32.17 1453.00
58214 霍邱                  116.28   32.33  567.00
58215 寿县                  116.78   32.55  764.00
58222 凤阳                  117.55   32.87  472.00
58236 滁县                  118.30   32.30 1260.00
58240 天长                  119.02   32.68  816.00
58243 兴化                  119.83   32.98 1410.00
58245 扬州                  119.41   32.41 1061.00
58252 丹徒                  119.47   32.18  314.00
58255 如皋                  120.50   32.38 1219.00
58269 启东                  121.66   31.80  551.00
58311 六安                  116.50   31.75  659.00
58319 桐城                  116.93   31.05 1493.00
58321 合肥                  117.23   31.87  765.00
58339 高淳                  118.88   31.32  698.00
58342 金坛                  119.55   31.75  440.00
58343 武进                  119.93   31.77 1257.00
58346 宜兴                  119.81   31.36  376.00
58356 昆山                  120.95   31.41  148.00
58357 苏州                  120.63   31.32  767.00
58362 上海                  121.48   31.40  117.00
58402 英山                  115.67   30.73 1011.00
58408 蕲春                  115.38   30.23  207.00
58417 宿松                  116.13   30.17  299.00
58419 东至                  117.02   30.10 1236.00
58427 贵池                  117.48   30.67  439.00
58433 宣城                  118.75   30.93 1082.00
58448 临安                  119.70   30.23  990.00
58450 湖州                  120.11   30.88 1460.00
58452 嘉兴                  120.73   30.78  947.00
58453 绍兴                  120.63   30.00  137.00
58457 杭州                  120.17   30.23  214.00
58462 松江                  121.25   31.00  191.00
58467 慈溪                  121.22   30.27 1372.00
58500 阳新                  115.16   29.83  621.00
58502 九江                  116.00   29.73  626.00
58503 瑞昌                  115.65   29.68 1237.00
58510 湖口                  116.21   29.73  271.00
58527 景德镇                117.20   29.30  352.00
58529 婺源                  117.98   29.35 1278.00
58530 歙县                  118.31   29.83  734.00
58531 屯溪                  118.28   29.72  289.00
58547 龙游                  119.18   29.03  712.00
58549 金华                  119.65   29.11  383.00
58562 鄞县                  121.57   29.87 1487.00
58567 宁海                  121.43   29.30  237.00
58606 南昌                  115.92   28.60  107.00
58607 南昌县                115.95   28.55  603.00
58608 樟树                  115.55   28.06  842.00
58612 余干                  116.68   28.70 1374.00
58620 乐平                  117.13   28.97   74.00
58626 贵溪                  117.22   28.30  127.00
58633 衢县                  118.87   28.97 1415.00
58635 广丰                  118.20   28.43 1273.00
58646 丽水                  119.92   28.45  250.00
58647 龙泉                  119.13   28.08  835.00
58652 仙居                  120.73   28.86  615.00
58659 温州                  120.67   28.00 1157.00
58665 椒江                  122.25   28.63 1288.00
58715 南城                  116.65   27.58 1123.00
58718 南丰                  116.38   27.20  261.00
58731 浦城                  118.53   27.92 1444.00
58734 建阳                  118.11   27.33  244.00
58751 平阳                  120.55   27.68 1494.00
58806 宁都                  115.83   26.36  140.00
58813 广昌                  116.33   26.85  529.00
58818 宁化                  116.63   26.23  348.00
58824 明溪                  117.15   26.40 1290.00
58836 古田                  118.73   26.58 1257.00
58843 霞浦                  120.00   26.88 1112.00
58847 福州                  119.28   26.08 1081.00
58912 连城                  116.75   25.71  277.00
58926 龙岩                  117.40   25.30 1155.00
58936 仙游                  118.70   25.36  686.00
58941 长乐                  119.56   25.93 1341.00
59001 隆林                  105.35   24.78  815.00
59007 广南                  105.07   24.07 1489.00
59023 河池                  108.05   24.70 1019.00
59034 宜州                  108.83   24.50  424.00
59037 都安                  108.10   23.93 1473.00
59044 沙塘                  109.30   24.40 1106.00
59058 蒙山                  110.52   24.20  885.00
59063 江华                  111.45   25.18  757.00
59072 连州                  112.38   24.78 1427.00
59082 韶关                  113.58   24.80 1495.00
59092 龙南                  114.76   24.88  114.00
59102 寻乌                  115.65   24.95  919.00
59117 梅县                  116.12   24.30 1121.00
59124 南靖                  117.36   24.51  209.00
59126 漳州                  117.65   24.50 1486.00
59129 漳浦                  117.60   24.13 1035.00
59137 晋江                  118.56   24.81   87.00
59205 富宁                  105.63   23.65  710.00
59211 百色                  106.60   23.90  949.00
59218 靖西                  106.41   23.13 1231.00
59227 天等                  107.15   23.08  837.00
59228 平果                  107.58   23.31 1203.00
59249 贵港                  109.61   23.11  280.00
59254 桂平                  110.08   23.40  939.00
59266 苍梧                  111.25   23.41  663.00
59278 高要                  112.47   23.05 1043.00
59288 南海                  113.10   23.01 1084.00
59293 河源                  114.68   23.73 1437.00
59312 潮州                  116.63   23.66  925.00
59426 扶绥                  107.90   22.55  785.00
59431 南宁                  108.22   22.63   96.00
59446 灵山                  109.30   22.41 1310.00
59453 玉林                  110.16   22.65 1068.00
59485 中山                  113.35   22.53  489.00
59502 陆丰                  115.65   22.95  948.00
59632 钦州                  108.62   21.95  466.00
59640 合浦                  109.18   21.67 1041.00
59655 化州                  110.61   21.65  654.00
59663 阳江                  111.97   21.87 1259.00
59754 徐闻                  110.16   20.33 1088.00
59757 琼山                  110.37   20.00  851.00
59845 儋县                  109.58   19.52  191.00
59849 琼中                  109.83   19.03  190.00
59954 陵水                  110.03   18.50   93.00
